grid:
  x_min: -5.0
  x_max: 5.0
  nx: 201
  T: 0.5
  nt: 150
  bc: neumann
params:
  nu: 0.001985
  phi: 0.035359
  gamma_T: 0.568862
  eta0: 0.000555
  eta1: 0.029442
  m0_mean: 0.0
  m0_std: 1.0
solver:
  max_iter: 120
  tol: 1.0e-06
  mix: 0.6
